0.8014981273408239
0.7902621722846442
0.8239700374531835
0.7902621722846442
0.7902621722846442
0.8052434456928839
0.7902621722846442
0.8127340823970037
0.8014981273408239
0.8202247191011236
0.8127340823970037
0.7902621722846442
0.8014981273408239
0.8164794007490637
0.7902621722846442
0.8014981273408239
0.8014981273408239
0.8052434456928839
0.8014981273408239
0.8014981273408239
0.8014981273408239
0.7790262172284644
0.8014981273408239
0.8014981273408239
0.7752808988764045
0.8014981273408239
0.8014981273408239
0.8089887640449438
0.8014981273408239
0.8014981273408239
0.8014981273408239
0.8014981273408239
0.8014981273408239
0.8014981273408239
0.7902621722846442
0.8014981273408239
0.8014981273408239
0.8014981273408239
0.8014981273408239
0.7940074906367042
0.8014981273408239
0.8014981273408239
0.8014981273408239
0.7752808988764045
0.8014981273408239
0.8164794007490637
0.8014981273408239
0.8014981273408239
0.8014981273408239
0.8014981273408239
0.8014981273408239
0.7865168539325843
0.7902621722846442
0.8014981273408239
0.8089887640449438
0.8014981273408239
0.7790262172284644
0.8089887640449438
0.8014981273408239
0.8014981273408239
0.7940074906367042
0.8014981273408239
0.8014981273408239
0.8014981273408239
0.8014981273408239
0.8014981273408239
0.8014981273408239
0.8014981273408239
0.8014981273408239
0.8014981273408239
0.7752808988764045
0.8089887640449438
0.8014981273408239
0.8014981273408239
0.8052434456928839
0.7902621722846442
0.8089887640449438
0.8202247191011236
0.7902621722846442
0.7902621722846442
0.7715355805243446
0.8202247191011236
0.7827715355805244
0.8164794007490637
0.7902621722846442
0.8202247191011236
0.7902621722846442
0.8202247191011236
0.8202247191011236
0.7902621722846442
0.8052434456928839
0.7790262172284644
0.8164794007490637
0.8014981273408239
0.8127340823970037
0.8014981273408239
0.8014981273408239
0.8202247191011236
0.8014981273408239
0.8202247191011236
0.8202247191011236
0.8014981273408239
0.8127340823970037
0.8052434456928839
0.8089887640449438
0.8014981273408239
0.8014981273408239
0.8014981273408239
0.8014981273408239
0.8014981273408239
0.8014981273408239
0.8014981273408239
0.8014981273408239
0.8014981273408239
0.8014981273408239
0.8014981273408239
0.8014981273408239
0.8014981273408239
0.8014981273408239
0.8014981273408239
0.8014981273408239
0.8014981273408239
0.8014981273408239
0.8014981273408239
0.8014981273408239
0.8014981273408239
0.8014981273408239
0.8014981273408239
0.8014981273408239
0.8014981273408239
0.8014981273408239
0.8014981273408239
0.8014981273408239
0.8014981273408239
0.8014981273408239
0.8014981273408239
0.8014981273408239
0.8014981273408239
0.8014981273408239
0.8014981273408239
0.8014981273408239
0.8014981273408239
0.8014981273408239
0.8014981273408239
0.8014981273408239
0.8014981273408239
0.8014981273408239
0.8014981273408239
0.8014981273408239
0.8014981273408239
0.8014981273408239
0.8014981273408239
0.8014981273408239
0.8014981273408239
0.8014981273408239
