0.797752808988764
0.7640449438202247
0.7602996254681648
0.8014981273408239
0.8014981273408239
0.8014981273408239
0.8014981273408239
0.8014981273408239
0.8014981273408239
0.7940074906367042
0.8014981273408239
0.8014981273408239
0.8014981273408239
0.8014981273408239
0.8014981273408239
0.8014981273408239
0.8014981273408239
0.8014981273408239
0.8014981273408239
0.8014981273408239
0.8014981273408239
0.8014981273408239
0.8014981273408239
0.8014981273408239
0.8014981273408239
0.8014981273408239
0.8014981273408239
0.8014981273408239
0.8014981273408239
0.8014981273408239
0.8014981273408239
0.8014981273408239
0.8014981273408239
0.8014981273408239
0.8014981273408239
0.8014981273408239
0.8014981273408239
0.8014981273408239
0.8014981273408239
0.8014981273408239
0.8014981273408239
0.8014981273408239
0.8014981273408239
0.8014981273408239
0.8014981273408239
0.8014981273408239
0.8014981273408239
0.8014981273408239
0.8014981273408239
0.8014981273408239
0.8014981273408239
0.8014981273408239
0.8014981273408239
0.8014981273408239
0.8014981273408239
0.8014981273408239
0.8014981273408239
0.8014981273408239
0.8014981273408239
0.8014981273408239
