0.8127340823970037
0.8127340823970037
0.8127340823970037
0.8127340823970037
0.8127340823970037
0.8127340823970037
0.8127340823970037
0.8127340823970037
0.8127340823970037
0.8127340823970037
0.8127340823970037
0.8127340823970037
0.8127340823970037
0.8127340823970037
0.8127340823970037
0.8127340823970037
0.8127340823970037
0.8127340823970037
0.8127340823970037
0.8127340823970037
0.8127340823970037
0.8127340823970037
0.8127340823970037
0.8127340823970037
0.8127340823970037
0.8127340823970037
0.8127340823970037
0.8127340823970037
0.8127340823970037
0.8127340823970037
0.8127340823970037
0.8127340823970037
0.8127340823970037
0.8127340823970037
0.8127340823970037
0.8127340823970037
0.8127340823970037
0.8127340823970037
0.8127340823970037
0.8127340823970037
0.8127340823970037
0.8127340823970037
0.8127340823970037
0.8127340823970037
0.8127340823970037
0.8127340823970037
0.8127340823970037
0.8127340823970037
0.8127340823970037
0.8127340823970037
