0.7902621722846442
0.7902621722846442
0.7902621722846442
0.7902621722846442
0.7902621722846442
0.7902621722846442
0.7902621722846442
0.7902621722846442
0.7902621722846442
0.7902621722846442
0.7902621722846442
0.7902621722846442
0.7902621722846442
0.7902621722846442
0.7902621722846442
0.7902621722846442
0.7902621722846442
0.7902621722846442
0.7902621722846442
0.7902621722846442
0.7902621722846442
0.7902621722846442
0.7902621722846442
0.7902621722846442
0.7902621722846442
0.7902621722846442
0.7902621722846442
0.7902621722846442
0.7902621722846442
0.7902621722846442
0.7902621722846442
0.7902621722846442
0.7902621722846442
0.7902621722846442
0.7902621722846442
0.7902621722846442
0.7902621722846442
0.7902621722846442
0.7902621722846442
0.7902621722846442
0.7902621722846442
0.7902621722846442
0.7902621722846442
0.7902621722846442
0.7902621722846442
0.7902621722846442
0.7902621722846442
0.7902621722846442
0.7902621722846442
0.7902621722846442
0.8202247191011236
0.8202247191011236
0.8202247191011236
0.8202247191011236
0.8202247191011236
0.8202247191011236
0.8202247191011236
0.8202247191011236
0.8202247191011236
0.8202247191011236
0.8202247191011236
0.8202247191011236
0.8202247191011236
0.8202247191011236
0.8202247191011236
0.8202247191011236
0.8202247191011236
0.8202247191011236
0.8202247191011236
0.8202247191011236
0.8202247191011236
