0.8089887640449438
0.8089887640449438
0.8089887640449438
0.8089887640449438
0.8089887640449438
0.8089887640449438
0.8089887640449438
0.8089887640449438
0.8089887640449438
0.8089887640449438
0.8089887640449438
0.8089887640449438
0.8089887640449438
0.8089887640449438
0.8089887640449438
0.8089887640449438
0.8089887640449438
0.8089887640449438
0.8089887640449438
0.8089887640449438
0.8089887640449438
0.8089887640449438
0.8089887640449438
0.8089887640449438
0.8089887640449438
0.8089887640449438
0.8089887640449438
0.8089887640449438
0.8089887640449438
0.8089887640449438
0.8089887640449438
0.8089887640449438
0.8089887640449438
0.8089887640449438
0.8089887640449438
0.8089887640449438
0.8089887640449438
0.8089887640449438
0.8089887640449438
0.8089887640449438
0.8089887640449438
0.8089887640449438
0.8089887640449438
0.8089887640449438
0.8089887640449438
0.8089887640449438
0.8277153558052435
0.8089887640449438
0.8089887640449438
0.8089887640449438
