0.7340823970037453
0.7340823970037453
0.7340823970037453
0.7340823970037453
0.7340823970037453
0.7340823970037453
0.7340823970037453
0.7340823970037453
0.7340823970037453
0.7340823970037453
0.7340823970037453
0.7340823970037453
0.7340823970037453
0.7340823970037453
0.7340823970037453
0.7340823970037453
0.7340823970037453
0.7340823970037453
0.7340823970037453
0.7340823970037453
0.7340823970037453
0.7340823970037453
0.7340823970037453
0.7340823970037453
0.7340823970037453
0.7340823970037453
0.7340823970037453
0.7340823970037453
0.7340823970037453
0.7340823970037453
0.7340823970037453
0.7340823970037453
0.7340823970037453
0.7340823970037453
0.7340823970037453
0.7340823970037453
0.7340823970037453
0.7340823970037453
0.7340823970037453
0.7340823970037453
0.7340823970037453
0.7340823970037453
0.7340823970037453
0.7340823970037453
0.7340823970037453
0.7340823970037453
0.7340823970037453
0.7340823970037453
0.7340823970037453
0.7340823970037453
