0.7790262172284644
0.7790262172284644
0.7378277153558053
0.7790262172284644
0.7790262172284644
0.7790262172284644
0.7602996254681648
0.7790262172284644
0.7790262172284644
0.7378277153558053
0.7752808988764045
0.7378277153558053
0.7827715355805244
0.7790262172284644
0.797752808988764
0.797752808988764
0.797752808988764
0.797752808988764
0.797752808988764
0.797752808988764
0.797752808988764
0.797752808988764
0.797752808988764
0.797752808988764
0.797752808988764
0.797752808988764
0.797752808988764
0.797752808988764
0.797752808988764
0.797752808988764
0.797752808988764
0.797752808988764
0.797752808988764
0.797752808988764
0.797752808988764
0.797752808988764
0.797752808988764
0.797752808988764
0.797752808988764
0.797752808988764
0.797752808988764
0.797752808988764
0.797752808988764
0.797752808988764
0.797752808988764
0.797752808988764
0.797752808988764
0.797752808988764
0.797752808988764
0.797752808988764
0.797752808988764
0.797752808988764
0.797752808988764
0.797752808988764
0.797752808988764
0.797752808988764
0.797752808988764
0.797752808988764
0.797752808988764
0.797752808988764
0.797752808988764
0.797752808988764
0.797752808988764
0.797752808988764
0.797752808988764
