0.8164794007490637
0.8164794007490637
0.8164794007490637
0.8164794007490637
0.8164794007490637
0.8164794007490637
0.8164794007490637
0.8164794007490637
0.8164794007490637
0.8164794007490637
0.8164794007490637
0.8164794007490637
0.8164794007490637
0.8164794007490637
0.8164794007490637
0.8164794007490637
0.8164794007490637
0.8164794007490637
0.8164794007490637
0.8164794007490637
0.8164794007490637
0.8164794007490637
0.8164794007490637
0.8164794007490637
0.8164794007490637
0.8164794007490637
0.8164794007490637
0.8164794007490637
0.8164794007490637
0.8164794007490637
0.8164794007490637
0.8164794007490637
0.8164794007490637
0.8164794007490637
0.8164794007490637
0.8164794007490637
0.8164794007490637
0.8164794007490637
0.8164794007490637
0.8164794007490637
0.8164794007490637
0.8164794007490637
0.8164794007490637
0.8164794007490637
0.8164794007490637
0.8164794007490637
0.8164794007490637
0.8164794007490637
0.8164794007490637
0.8164794007490637
