0.797752808988764
0.8089887640449438
0.8239700374531835
0.8089887640449438
0.8239700374531835
0.8089887640449438
0.8089887640449438
0.8089887640449438
0.8089887640449438
0.8089887640449438
0.8089887640449438
0.8089887640449438
0.8089887640449438
0.8089887640449438
0.8089887640449438
0.8089887640449438
0.8089887640449438
0.8089887640449438
0.8089887640449438
0.8089887640449438
0.8089887640449438
0.8089887640449438
0.8089887640449438
0.8089887640449438
0.8089887640449438
0.8089887640449438
0.797752808988764
0.8089887640449438
0.8089887640449438
0.8089887640449438
0.8089887640449438
0.8089887640449438
0.8089887640449438
0.8089887640449438
0.8089887640449438
0.8089887640449438
0.8089887640449438
0.8089887640449438
0.8089887640449438
0.8089887640449438
0.8089887640449438
0.8089887640449438
0.8089887640449438
0.8089887640449438
0.8089887640449438
0.8089887640449438
0.8089887640449438
0.8089887640449438
0.8089887640449438
0.8089887640449438
0.8089887640449438
0.8089887640449438
0.8089887640449438
0.8089887640449438
0.8089887640449438
0.8089887640449438
0.8089887640449438
0.8089887640449438
0.8089887640449438
0.8089887640449438
0.8089887640449438
0.8089887640449438
0.8089887640449438
0.8089887640449438
0.8089887640449438
0.8089887640449438
0.8089887640449438
0.8089887640449438
0.8089887640449438
0.8089887640449438
0.8089887640449438
0.8089887640449438
0.8089887640449438
0.8089887640449438
0.8089887640449438
0.8089887640449438
0.8089887640449438
0.8089887640449438
0.8089887640449438
0.8089887640449438
0.8089887640449438
0.8089887640449438
0.8089887640449438
0.8089887640449438
0.8089887640449438
0.8089887640449438
0.8089887640449438
0.8089887640449438
0.8089887640449438
0.8089887640449438
0.8089887640449438
0.8089887640449438
0.8089887640449438
0.8089887640449438
0.8089887640449438
0.8089887640449438
0.8089887640449438
0.8089887640449438
0.8089887640449438
