0.8014981273408239
0.846441947565543
0.846441947565543
0.846441947565543
0.846441947565543
0.846441947565543
0.846441947565543
0.846441947565543
0.846441947565543
0.846441947565543
0.846441947565543
0.846441947565543
0.846441947565543
0.846441947565543
0.846441947565543
0.846441947565543
0.846441947565543
0.846441947565543
0.846441947565543
0.846441947565543
0.846441947565543
0.846441947565543
0.846441947565543
0.846441947565543
0.846441947565543
0.846441947565543
0.846441947565543
0.846441947565543
0.846441947565543
0.846441947565543
0.846441947565543
0.846441947565543
0.846441947565543
0.846441947565543
0.846441947565543
0.846441947565543
0.846441947565543
0.846441947565543
0.846441947565543
0.846441947565543
0.846441947565543
0.846441947565543
0.846441947565543
0.846441947565543
0.846441947565543
0.8314606741573034
0.846441947565543
0.846441947565543
0.846441947565543
0.846441947565543
0.846441947565543
0.846441947565543
0.846441947565543
0.846441947565543
0.846441947565543
0.846441947565543
0.846441947565543
0.846441947565543
0.846441947565543
0.846441947565543
0.846441947565543
0.846441947565543
0.846441947565543
0.846441947565543
0.846441947565543
0.846441947565543
0.846441947565543
0.846441947565543
0.846441947565543
0.8314606741573034
0.846441947565543
0.846441947565543
0.846441947565543
0.846441947565543
0.846441947565543
0.846441947565543
0.846441947565543
0.846441947565543
0.846441947565543
0.846441947565543
0.846441947565543
0.846441947565543
0.846441947565543
0.846441947565543
0.846441947565543
0.846441947565543
0.846441947565543
0.846441947565543
0.846441947565543
0.846441947565543
0.846441947565543
0.846441947565543
0.846441947565543
0.846441947565543
0.846441947565543
0.846441947565543
0.846441947565543
0.846441947565543
0.846441947565543
