0.7902621722846442
0.7902621722846442
0.7902621722846442
0.7902621722846442
0.7902621722846442
0.7902621722846442
0.7902621722846442
0.7902621722846442
0.7902621722846442
0.7902621722846442
0.7902621722846442
0.7902621722846442
0.7902621722846442
0.7902621722846442
0.7902621722846442
0.7902621722846442
0.7902621722846442
0.7902621722846442
0.7902621722846442
0.7902621722846442
0.7902621722846442
0.7902621722846442
0.7902621722846442
0.7902621722846442
0.7902621722846442
0.7902621722846442
0.7902621722846442
0.7902621722846442
0.7902621722846442
0.7902621722846442
0.7902621722846442
0.7902621722846442
0.7902621722846442
0.7902621722846442
0.7902621722846442
0.7902621722846442
0.7902621722846442
0.7902621722846442
0.7902621722846442
0.7902621722846442
0.7902621722846442
0.7902621722846442
0.7902621722846442
0.7902621722846442
0.7902621722846442
0.7902621722846442
0.7902621722846442
0.7902621722846442
0.7902621722846442
0.7902621722846442
