0.8239700374531835
0.8239700374531835
0.8239700374531835
0.8239700374531835
0.8239700374531835
0.8239700374531835
0.8239700374531835
0.8239700374531835
0.8239700374531835
0.8239700374531835
0.8239700374531835
0.8239700374531835
0.8239700374531835
0.8239700374531835
0.8239700374531835
0.8239700374531835
0.8239700374531835
0.8239700374531835
0.8239700374531835
0.8239700374531835
0.8239700374531835
0.8239700374531835
0.8239700374531835
0.8239700374531835
0.8239700374531835
0.8239700374531835
0.8239700374531835
0.8239700374531835
0.8239700374531835
0.8239700374531835
0.8239700374531835
0.8239700374531835
0.8239700374531835
0.8239700374531835
0.8239700374531835
0.8239700374531835
0.8239700374531835
0.8239700374531835
0.8239700374531835
0.8239700374531835
0.8239700374531835
0.8239700374531835
0.8239700374531835
0.8239700374531835
0.8239700374531835
0.8239700374531835
0.8239700374531835
0.8239700374531835
0.8239700374531835
0.8239700374531835
