0.797752808988764
0.797752808988764
0.7640449438202247
0.7640449438202247
0.797752808988764
0.7640449438202247
0.7640449438202247
0.797752808988764
0.7865168539325843
0.7640449438202247
0.7865168539325843
0.7640449438202247
0.797752808988764
0.797752808988764
0.7865168539325843
0.797752808988764
0.7640449438202247
0.797752808988764
0.797752808988764
0.7640449438202247
0.7640449438202247
0.7640449438202247
0.797752808988764
0.7640449438202247
0.797752808988764
0.7827715355805244
0.7640449438202247
0.7640449438202247
0.7640449438202247
0.7640449438202247
0.7640449438202247
0.797752808988764
0.7790262172284644
0.797752808988764
0.797752808988764
0.8014981273408239
0.8014981273408239
0.8014981273408239
0.8014981273408239
0.8014981273408239
0.8014981273408239
0.8014981273408239
0.8014981273408239
0.8014981273408239
0.8014981273408239
0.8014981273408239
0.8014981273408239
0.8014981273408239
0.8014981273408239
0.8014981273408239
0.8014981273408239
0.797752808988764
0.8014981273408239
0.8014981273408239
0.8014981273408239
0.8014981273408239
0.8014981273408239
0.8014981273408239
0.8014981273408239
0.8014981273408239
0.8014981273408239
0.8014981273408239
0.8014981273408239
0.8014981273408239
0.8014981273408239
0.8014981273408239
0.8014981273408239
0.8014981273408239
0.8014981273408239
0.8014981273408239
0.8014981273408239
0.8014981273408239
0.8014981273408239
0.8014981273408239
0.8014981273408239
0.8014981273408239
0.8014981273408239
0.8014981273408239
0.8014981273408239
0.8014981273408239
0.8014981273408239
0.8014981273408239
0.8014981273408239
0.8014981273408239
0.8014981273408239
0.8014981273408239
0.8014981273408239
0.8014981273408239
0.8014981273408239
0.8014981273408239
0.8014981273408239
0.8014981273408239
0.8014981273408239
0.8014981273408239
0.8014981273408239
0.8014981273408239
0.8014981273408239
0.8014981273408239
0.8014981273408239
0.7865168539325843
0.8014981273408239
0.8014981273408239
0.8014981273408239
0.8014981273408239
0.8014981273408239
0.8014981273408239
0.8014981273408239
0.8014981273408239
0.8014981273408239
0.8014981273408239
0.8014981273408239
0.8014981273408239
0.8014981273408239
0.8014981273408239
0.8014981273408239
0.8014981273408239
0.8014981273408239
0.8014981273408239
0.8014981273408239
0.8014981273408239
0.8014981273408239
0.8014981273408239
0.8014981273408239
0.8014981273408239
0.8014981273408239
0.8014981273408239
0.8014981273408239
0.8014981273408239
0.8014981273408239
0.8014981273408239
0.8014981273408239
0.8014981273408239
0.8014981273408239
0.8014981273408239
0.8014981273408239
0.8014981273408239
0.8014981273408239
0.8014981273408239
0.8014981273408239
0.8014981273408239
0.8014981273408239
0.8014981273408239
0.8014981273408239
0.8014981273408239
0.8014981273408239
0.8014981273408239
