0.797752808988764
0.7752808988764045
0.7640449438202247
0.8052434456928839
0.797752808988764
0.7640449438202247
0.8052434456928839
0.7640449438202247
0.8052434456928839
0.7865168539325843
0.7640449438202247
0.8052434456928839
0.7640449438202247
0.7715355805243446
0.7940074906367042
0.7715355805243446
0.8052434456928839
0.8052434456928839
0.7640449438202247
0.7640449438202247
0.7640449438202247
0.7640449438202247
0.7715355805243446
0.7640449438202247
0.7640449438202247
0.7640449438202247
0.7415730337078652
0.7715355805243446
0.7640449438202247
0.7640449438202247
0.8052434456928839
0.7640449438202247
0.8052434456928839
0.7640449438202247
0.7715355805243446
0.7640449438202247
0.8052434456928839
0.7640449438202247
0.7640449438202247
0.8052434456928839
0.7640449438202247
0.7640449438202247
0.7640449438202247
0.7640449438202247
0.7640449438202247
0.7640449438202247
0.7640449438202247
0.7715355805243446
0.7752808988764045
0.7640449438202247
0.7640449438202247
0.8052434456928839
0.8052434456928839
0.7640449438202247
0.7640449438202247
0.8052434456928839
0.8052434456928839
0.8052434456928839
0.7640449438202247
0.7715355805243446
0.7640449438202247
0.7715355805243446
0.8052434456928839
0.7715355805243446
0.7640449438202247
0.7640449438202247
0.8052434456928839
0.7640449438202247
0.7640449438202247
0.8052434456928839
0.7715355805243446
0.7640449438202247
0.7715355805243446
0.7640449438202247
0.7640449438202247
0.8052434456928839
0.7640449438202247
0.7715355805243446
0.8052434456928839
0.7640449438202247
0.7640449438202247
0.8052434456928839
0.7640449438202247
0.7640449438202247
0.8052434456928839
0.8052434456928839
0.8052434456928839
0.7715355805243446
0.7715355805243446
0.7715355805243446
0.7640449438202247
0.7640449438202247
0.7902621722846442
0.7640449438202247
0.8052434456928839
0.7640449438202247
0.8052434456928839
0.7640449438202247
0.7640449438202247
0.7640449438202247
0.8052434456928839
0.8052434456928839
0.8052434456928839
0.8052434456928839
0.8052434456928839
0.7715355805243446
0.7715355805243446
0.7640449438202247
0.8052434456928839
0.7715355805243446
0.7940074906367042
0.8052434456928839
0.7640449438202247
0.8052434456928839
0.7715355805243446
0.7715355805243446
0.7715355805243446
0.7640449438202247
0.7640449438202247
0.7378277153558053
0.7715355805243446
0.7640449438202247
0.7715355805243446
0.7940074906367042
0.7640449438202247
0.7640449438202247
0.7640449438202247
0.8052434456928839
0.7640449438202247
0.8052434456928839
0.7640449438202247
0.8052434456928839
0.7640449438202247
0.7715355805243446
0.7640449438202247
0.7640449438202247
0.7715355805243446
0.7640449438202247
0.8052434456928839
0.7640449438202247
0.7640449438202247
0.8052434456928839
0.8052434456928839
0.8052434456928839
0.7640449438202247
0.8052434456928839
0.8052434456928839
0.8052434456928839
0.8052434456928839
0.7640449438202247
0.7640449438202247
0.7640449438202247
0.7640449438202247
0.7640449438202247
0.7715355805243446
0.8052434456928839
0.7640449438202247
0.7677902621722846
0.7640449438202247
0.8052434456928839
0.7640449438202247
0.8052434456928839
0.7715355805243446
0.8052434456928839
0.8052434456928839
0.7715355805243446
0.8052434456928839
0.8052434456928839
0.7715355805243446
0.8052434456928839
0.7715355805243446
0.7640449438202247
0.8052434456928839
0.8052434456928839
0.8052434456928839
0.7715355805243446
0.8052434456928839
0.7640449438202247
0.797752808988764
0.7640449438202247
0.8052434456928839
0.8052434456928839
0.8052434456928839
0.8052434456928839
0.8052434456928839
0.8052434456928839
0.7715355805243446
0.8052434456928839
0.7640449438202247
0.7715355805243446
0.7940074906367042
0.7640449438202247
0.7715355805243446
0.7715355805243446
0.7715355805243446
0.797752808988764
0.7640449438202247
0.7715355805243446
0.7715355805243446
0.7640449438202247
0.7715355805243446
0.7865168539325843
0.8052434456928839
0.7640449438202247
0.7640449438202247
0.7640449438202247
0.797752808988764
0.8052434456928839
0.7715355805243446
0.7790262172284644
0.7640449438202247
0.7640449438202247
0.7640449438202247
0.8052434456928839
0.8052434456928839
0.797752808988764
0.7415730337078652
0.797752808988764
0.7640449438202247
0.8052434456928839
0.797752808988764
0.797752808988764
0.7640449438202247
0.797752808988764
0.797752808988764
0.797752808988764
0.797752808988764
0.797752808988764
0.797752808988764
0.797752808988764
0.797752808988764
0.797752808988764
0.797752808988764
0.797752808988764
0.797752808988764
0.797752808988764
0.797752808988764
0.797752808988764
0.797752808988764
0.797752808988764
0.797752808988764
0.797752808988764
0.797752808988764
0.797752808988764
0.797752808988764
0.797752808988764
0.797752808988764
0.797752808988764
0.797752808988764
0.797752808988764
0.797752808988764
0.797752808988764
0.797752808988764
0.797752808988764
0.797752808988764
0.797752808988764
0.797752808988764
0.797752808988764
0.797752808988764
0.797752808988764
0.797752808988764
0.797752808988764
0.797752808988764
0.797752808988764
0.797752808988764
0.797752808988764
0.797752808988764
0.797752808988764
0.797752808988764
0.797752808988764
0.797752808988764
0.797752808988764
0.797752808988764
0.797752808988764
0.797752808988764
0.797752808988764
0.797752808988764
