0.8014981273408239
0.8014981273408239
0.8014981273408239
0.8014981273408239
0.8014981273408239
0.8014981273408239
0.8014981273408239
0.8014981273408239
0.8014981273408239
0.8014981273408239
0.8014981273408239
0.8014981273408239
0.8014981273408239
0.8014981273408239
0.8014981273408239
0.8014981273408239
0.8014981273408239
0.8014981273408239
0.8014981273408239
0.8014981273408239
0.8014981273408239
0.8014981273408239
0.8014981273408239
0.8089887640449438
0.8089887640449438
0.8089887640449438
0.8089887640449438
0.8089887640449438
0.8089887640449438
0.8089887640449438
0.8089887640449438
0.8089887640449438
0.8089887640449438
0.8089887640449438
0.8089887640449438
0.8089887640449438
0.8089887640449438
0.8089887640449438
0.8089887640449438
0.8089887640449438
0.8089887640449438
0.8089887640449438
0.8089887640449438
0.8089887640449438
0.8089887640449438
0.8089887640449438
0.8089887640449438
0.8089887640449438
0.8202247191011236
0.8202247191011236
0.8202247191011236
0.8202247191011236
0.8202247191011236
0.8202247191011236
0.8202247191011236
0.8202247191011236
0.8202247191011236
0.8202247191011236
0.8202247191011236
0.8202247191011236
0.8202247191011236
0.8202247191011236
0.8202247191011236
0.8202247191011236
0.8202247191011236
0.8202247191011236
0.8202247191011236
0.8202247191011236
0.8202247191011236
0.8202247191011236
0.8202247191011236
0.8202247191011236
0.8202247191011236
0.8202247191011236
0.8202247191011236
0.8202247191011236
0.8202247191011236
0.8202247191011236
0.8202247191011236
0.8202247191011236
0.8202247191011236
0.8202247191011236
0.8202247191011236
0.8202247191011236
0.8202247191011236
0.8202247191011236
0.8202247191011236
0.8202247191011236
0.8202247191011236
0.8202247191011236
0.8202247191011236
0.8202247191011236
0.8202247191011236
0.8202247191011236
0.8202247191011236
0.8202247191011236
0.8202247191011236
0.8202247191011236
0.8202247191011236
